3981
5452
3645
51063
8266
5216
914
10160
2057
375056
229
51296
7178
6001
84164
1258585
9529
10911
5610
11156
11213
6509
840
6561
727
1265
9188
4803
51733
462
6993
10422
142891
6282
8871
9844
785
1435
10432
22913
5893
8662
23095
340061
8914
5295
10658
7148
1670
7799
51586
2001
27345
5617
966
10733
4355
856709
11331
79971
399558
84959
6712
5067
5892
596
10644
115677
2303
6571
6742
1948
715
54413
23495
8349
11232
493829
6596
1616
1409
28988
6136
55124
7410
7100
57380
84286
79932
51024
10069
23673
1672
6710
54847
2200
3930
10541
6607
10063
9361
56666
10254
6037
1891
5350
161725
865
83706
7448
139324
6347
4521
5327
25977
57549
6000
5710
10395
51522
3485
51095
29904
23649
2980
84557
83480
165918
8148
65110
55544
8682
7222
9354
10049
22885
8724
1659
55793
9051
55144
8050
4515
51667
2158
7130
10455
3455
4057
11104
192111
5926
8638
6421
10487
140576
27237
8440
145258
2648
54904
79670
4600
57555
2017
7318
3320
2492
996
8522
6456
653361
5981
12
5118
6624
124590
2963
1073
14319
5584
83737
5792
3209
23400
56477
331
7157
26751
7026
11169
1378
2660
54209
8971
3725
51741
8976
2079
22849
4249
598
10817
5364
4869
3304
22837
11035
5770
1999
57045
22882
55147
4733
142
5930
149041
6449
55323
350
10327
84277
10625
9812
28896
86
6907
9447
56521
221504
51196
1743
59082
369
8767
5654
27316
60677
10933
2120
2962
7329
79837
8190
22844
54952
23504
170506
3976
23303
22862
988
3064
8284
347862
55784
10481
2162
7263
1264
5716
115650
55011
23328
608
28982
10263
6548
440738
84823
116986
130574
2039
1641
3075
7343
23113
9271
23130
29934
116461
80331
80022
23197
79145
6331
26504
5101
3184
8772
57091
2960
5296
7415
2395
10850
27086
10616
2534
57512
55696
54383
81030
7187
441549
55677
7072
11214
684
3674
3964
100128731
64089
7936
4924
23351
26986
9873
253738
3853
475
5045
4952
10043
867
10188
6672
84901
8303
54793
301
8535
9055
9696
4824
26009
114885
440
85358
845
6451
1081
22983
3952
10008
23031
2157
5310
8878
8714
51195
3756
4152
23386
2926
4175
114548
54332
55636
5591
7273
657
3753
3601
9217
359
23543
55698
114882
6597
11073
929
27165
664
3827
8771
25865
1937
11043
9429
6464
7039
3565
64170
9958
83862
3937
2539
2318
666
57488
6657
2885
27
238
6522
7082
10272
10040
5412
55179
10277
3932
79618
55357
29128
3831
7439
7099
4756
5464
6359
3804
10499
252983
7442
6580
5252
6626
55968
1080
64078
79856
4052
51684
4145
4595
5775
348980
5265
10174
2065
4000
6857
8850
9194
2521
1906
1804
388695
6564
5427
26528
2597
1108
9046
80263
126129
9925
1979
1437
57586
10256
84941
962
10450
29945
6403
2636
84634
55894
6247
81857
9826
7035
2969
6446525
3835
8473
22924
6366
1969
6452
685
23168
8995
10598
100272147
7276
9525
6406
7158
23322
10130
1513
6558
57152
54974
1950
6530
79574
948538
1398
4684
1293
940
221301
6786
3785
26043
57713
55333
7088
23363
6326
3481
6507
23544
7454
4193
1956
10209
23593
1147
8578
6035
5621
8626
6434
355
9025
54502
9373
6364
3553
129880
5757
53615
5317
5266
9308
58155
7903
55740
4638
8554
4790
26280
84944
348
2034
9019
1029
2059
1994
84301
5340
59286
274
7123
7045
10873
51673
6573
4659
285016
51429
30011
5175
7073
11201
51520
9049
3662
9037
134510
3559
9093
4645
841
58490
3636
57553
6599
1749
10939
57369
4189
64101
11144
5213
50964
4043
29108
5159
87
3300
29126
4893
9963
8078
22907
318
3757
27434
64746
81567
11276
3053
10021
9524
54442
57192
10482
1317
55285
2035
3778
5199
5575
6500
5782
10677
8721
163859
578
5660
404203
23049
64762
23592
8019
51119
8942
23607
1439
100507537
56262
55536
3265
219770
486
51506
8826
10392
10059
103
10102
23022
57510
5290
921
10389
81631
503841
2316
1420
5133
4477
5713
5514
10492
10197
2912
23380
3784
55709
11060
79923
728358
942
59067
2744
7409
334
3329
4607
26060
5303
10929
5428
7416
5054
54788
7033
51574
29761
7134
217
3543
6895
5300
203
4615
22897
26146
820
80852
343035
6354
4204
22944
22828
79658
9255
24145
5887
4604
4897
57528
404093
6284
4070
5274
1794
2886
344
22866
9325
79139
6046
57407
84269
7453
6288
816
25950
6091
115362
856891
3337
23568
10451
84733
5196
2335
57505
11337
3993
726
8906
84717
11189
153
5080
92181
10307
3949
51527
51191
51218
140775
81607
54768
998
286
55283
57520
6845
3973
91442
9201
23118
6505
3702
10928
3578
9478
57591
23481
285973
1387
4354
11145
2263
9709
84320
80308
9771
2010
3479
116372
54845
348093
6439
7003
171389
147323
84817
2896
22984
4904
10291
57537
124540
1606
50613
2806
6286
23381
10537
10288
3689
2533
5730
23098
7137
10057
25
57513
64478
165721
60529
1358
64321
57132
51100
6868
2246
23476
1427
5649
3730
10840
50809
9352
56652
2956
9804
5937
23190
55269
56005
3557
3613
154
122509
440275
94
672
9499
10963
55635
393
1965
3551
4857
8139
5068
6900
4065
23522
140739
8559
8975
7443
84458
25842
4281
4258
1118
8820
5437
3082
162514
3055
1811
2130
26278
7159
7873
5972
51752
23178
6375
1141
9141
183
11136
6341
23469
51652
3933
3609
10657
4689
10519
8666
27247
5335
5095
4828
54861
85376
57690
6440
1153
6363
351
9896
55320
29924
4706
7128
8575
84284
85014
8239
283446
673
1401
10221
405
965
221443
10531
23316
79143
84324
308
10580
853441
83699
10207
80700
11047
8291
1820
22889
9627
9459
221078
1440
9039
7040
9145
5886
2770
84623
9631
25792
57531
7320
133
4137
1808
302
637
57402
1271
112611
7514
8242
9066
64787
432355
5311
124359
374
9854
5936
3691
9902
2917
2317
7132
57142
1088
1630
8490
57120
57477
26503
114803
79711
1180
1742
6352
2919
150684
4018
79660
23348
3799
8654
7360
25994
4688
9644
4922
22818
7294
5315
5539
128272
7884
3576
55876
3371
4976
56616
1432
5629
2072
2309
6903
57580
1791
5585
6860
9048
64130
7337
6525
2959
154796
4772
10152
9857
51399
64224
10087
7124
51092
79158
26960
5744
23051
55362
434
472
5336
7450
8736
2050
2475
54908
7056
6285
56288
55669
7046
7706
29072
202
53347
5020
1280
9414
54477
63875
10257
114088
10621
9733
567
3906
8241
51538
5795
81
10137
50489
3508
6750
2170
4690
100862684
114294
10083
4606
6271
320
10643
2961
7050
2185
4646
869
2172
7332
55054
2171
5592
10179
23301
7461
8289
4288
2741
64407
2047
4149
353376
4170
3301
5111
79752
3297
22999
25831
9619
64848
79955
84448
837
51742
9744
10551
9636
7014
79065
27179
338339
10284
51806
9097
4739
1894
91662
6674
2208
9611
1690
7074
3635
1525
5611
10039
3507
25469
156
55728
23111
3842
9584
10721
10539
8880
7018
23627
63976
7849
3445
3480
4915
3440
6581
8527
2261
1975
89846
197259
54454
4287
22864
117166
10673
57584
51645
57817
9322
5745
6871
51760
55129
27000
3751
3178
7225
3149
3607
1612
3936
123720
27121
1471
51720
23268
6691
54106
51366
55284
56956
6510
3497
2697
9612
11005
1277
10636
3687
2212
4685
2837
27101
51735
9223
222487
27036
2981
4867
51022
83605
6275
6612
2495
7425
6832
7251
7520
2033
5435
8647
5741
25861
655
64779
6897
834
11332
29920
27044
972
56899
29994
55198
7518
388753
80315
2922
79038
5341
9101
2067
6249
3416
51702
55623
6769
6374
9547
9730
51083
81550
22874
23594
335
85378
11338
3500
5576
1785
1478
29102
7094
4067
3606
3552
1844
3280
445516
3035
9961
57446
10413
80254
329
4852
4776
345
5900
10236
2934
116
22909
8618
6351
6595
9645
1778
11244
112939
4763
28978
57594
9973
8659
9231
752014
51751
133308
23229
8789
23294
2909
3146
2706
9401
9441
3960
116337
5684
50618
7043
10006
80198
546
2332
1399
55599
7076
7432
5284
64780
140809
51517
27178
27242
8837
4077
29098
6369
10011
32
8698
730
131474
2153
8915
7305
5920
9936
84461
8450
148022
4297
3383
29979
6789
116092
7161
8178
10899
55
5094
7414
920
9904
2
4734
3684
118788
90627
57680
91801
357
6426
1741
30851
10961
463
53918
4300
58517
2954
23405
55157
3315
23365
6653
2107
111
3572
9581
8738
83442
4804
322
6457
54805
1639
54664
57642
5563
2746
4851
2313
29978
8815
23126
10421
7536
9759
7077
5167
7098
4921
157855
9725
55225
1759
5339
6647
8717
3005
213
1508
10564
10250
64750
10910
124976
84651
5777
5705
2242
1072
51389
216
2690
5099
5443
3185
8099
11059
2169
8671
2547
29916
6376
1642
2260
57794
31
919
1647
375611
610
682
1269
1604
5594
9818
10856
6521
4001
5901
54472
3225
4069
23075
7341
79035
3920
3980
808
1723
374900
27445
10524
1852
1392
10631
27436
26509
64399
2641
3087
1105
6342
154865
4301
5725
267
6503
80781
3630
6427
9665
84191
7874
2058
90316
25939
8498
404672
54869
3752
23683
2161
3275
51668
129563
6416
51075
22841
9129
177
27181
226
635
10992
55617
5789
56853
84230
5663
9821
83667
2066
10147
3845
8087
2911
1380
57161
115426
5328
6117
6368
7311
2695
414061
83759
5903
10717
948289
4973
84456
389658
2173
9138
10746
5179
9368
5348
3375
51330
2965
80380
4625
57019
79009
5173
63935
10869
5894
4778
54187
11200
11176
23406
64411
5071
57453
137492
10015
11193
4809
2902
27250
26228
6010
25999
55503
27336
57646
857
7031
84159
84329
389524
3672
3934
3077553
8867
8036
23492
55342
50807
6188
2550
10058
51327
2073
5618
79792
64374
2289
5378
64215
3458
2891
9260
57448
1268
255061
6002
6625
4478
1829
4914
2046
3749
9564
65123
5588
57524
83658
7345
5598
9467
51297
51473
5783
613
66004
5747
9699
10687
4360
4215
116842
3596
84181
11022
56922
6508
22919
2280
26052
2069
1192
2308
2752
4035
4928
1244
3558
10979
9445
641
260434
10463
7322
9938
57727
174
1848
51277
1737
399664
8027
54795
81488
25876
642
11235
10235
3084
51271
8989
199713
6387
7486
84299
153562
5468
26578
8405
5451
6181
23513
5164
3488
60680
26088
6692
5753
6749
6276
2043
341
7431
7327
6348
7180
3482
1012
199
8570
7727
54880
55620
473
3950
338322
7112
2554
27183
84875
23024
10762
25981
23028
10659
27141
2796
6453
124056
22936
25929
79917
19
2948
2993
3399
6356
960
6829
4919
8517
1654
23456
23371
9820
852122
4233
3577
4085
3188
861
7422
64320
3172
7429
90865
9900
3690
4738
23314
114609
7515
317
3060
358
4678
55149
7013
10666
50944
1499
23569
57506
1137
1676
9863
9775
1977
9552
58484
94056
6741
89832
9994
1132
1382
9425
388962
2081
121260
55607
6642
3069
2197
29974
208
57097
1936
1421
10181
64852
5728
55164
9856
1673
1400
2147
10326
5935
3241
56163
79070
550
47
9992
2745
23746
862
5308
26959
7917
1272
23646
4703
4691
120892
51027
11100
2056
2152
130576
6917
30008
2040
51105
11155
4329
3187
29085
4599
91746
1113
6729
3683
92345
1181
5037
144568
9365
51455
8924
2078
5442
7096
599
5863
64092
1629
8795
26291
23092
54596
6654
22900
83959
23327
10614
283
219931
4332
1059
6559
8335
722
11197
2705
65977
10907
56938
29117
4303
5939
9784
4780
51060
839
1781
3068
3570
84632
2186
6708
6441
3183
55781
1026
6283
4878
1031
22861
1386
10287
11124
4199
6240
3920722
7593
4217
23604
55192
7335
84285
6919
26499
3105
9776
1601
5927
7812
5358
2064
1475
4089
9267
1374
11228
89797
55272
25803
4313
9607
51569
3562
84464
5888
7048
716
5144
117159
4141
374872
6433
2920
1410
4854
64087
51428
8452
1540
1149
187
5817
2160
7323
4651
6304
538
735
58508
55898
1786
5921
2168
4664
7097
3489
4670
10262
2923
9839
11168
6613
441168
4814
6714
6383
5155
5174
5697
9530
6280
660
1832
435
1809
4695
7314
5764
55660
121506
11140
7862
64506
56259
54386
6935
6428
6598
1983
2041
2155
5478
116984
59272
113251
97
2987
10859
230
54549
58527
9569
868
3569
1234
7779
83891
55143
9798
6622
1048
10075
79066
4210
26128
699
85437
23586
3791
6840
79657
7226
3956
3688
6432
6928
88
5316
7408
8929
79876
9988
3190
2287
26505
10344
7913
10915
6092
283991
581
634
774
8743
11117
215
573
200734
3181
9546
3603
55640
56929
26147
1158
10472
695
81542
394
4791
7316
9984
6770
2247
8572
540
1474
3643
1069
654364
2241
2321
10418
1933
7295
55226
51534
23770
64422
83998
23385
8874
23435
54938
22827
6133
28797
7037
8542
729230
84033
56033
5034
5394
7353
6924
8407
27343
79863
10116
10461
84659
54749
54487
